15 81 25
7 43 12
1 65 25
x
x
12 20 25
x
2 62 12
10 14 31
x
11 23 8
6 96 12
x
14 72 31
6 0 12
2 93 25
3 65 29
14 51 42
15 41 34
0 41 8
10 45 14
x
x
7 0 28
15 57 29
5 91 25
14 79 38
x
13 19 8
x
10 96 25
8 42 31
4 98 42
10 83 6
3 50 30
8 51 38
x
x
x
x
11 79 25
14 3 42
x
12 75 12
6 6 22
15 69 6
14 21 34
x
0 83 14
9 52 14
4 10 29
x
0 38 8
x
1 79 31
x
12 29 38
7 24 17
1 47 30
0 0 12
15 0 28
x
x
x
0 65 25
10 58 9
13 23 30
8 29 5
1 96 6
4 69 8
6 76 31
x
7 72 22
3 82 3
15 84 34
x
13 81 14
7 33 15
2 84 20
6 65 38
8 72 25
5 69 42
14 75 11
0 90 10
x
x
14 33 29
1 86 9
x
8 0 31
0 56 16
5 99 22
0 52 15
5 20 37
6 99 34
2 80 40
4 75 3
x
11 93 14
1 28 17
3 92 20
x
0 5 5
x
x
15 27 2
15 77 6
2 77 22
x
9 0 18
14 42 10
x
x
13 5 22
10 0 28
x
x
9 43 30
4 90 25
1 5 42
14 8 34
x
6 69 12
15 9 40
0 11 0
8 78 14
7 99 8
7 67 9
0 33 11
9 63 3
x
x
1 0 43
4 85 6
8 55 16
1 32 20
2 47 29
3 36 24
x
11 51 38
5 95 13
3 87 15
12 92 8
x
9 29 14
2 27 21
9 70 29
x
x
5 15 10
x
4 80 2
x
2 31 3
0 16 35
1 72 6
x
x
1 58 13
2 68 39
x
1 10 25
x
2 54 15
3 70 16
3 38 17
x
x
15 5 19
x
0 86 24
12 53 12
5 89 30
x
x
x
10 29 26
x
4 45 38
6 17 5
5 25 9
11 0 37
3 31 44
0 48 41
11 14 22
13 49 2
x
15 23 11
3 67 36
x
x
14 61 6
x
4 33 34
x
5 84 27
x
6 22 31
13 15 39
7 63 40
x
14 17 18
10 53 32
5 49 16
1 82 20
x
x
8 67 24
x
x
x
x
6 92 15
x
x
10 34 3
11 74 14
4 64 42
x
5 0 28
6 73 29
6 38 12
6 13 13
x
x
1 40 30
2 71 43
7 95 0
5 34 17
8 97 33
7 88 6
x
7 10 21
3 90 27
x
x
15 19 35
x
2 10 2
x
15 97 36
4 73 8
8 92 41
7 14 15
8 14 38
14 48 22
5 61 40
11 33 26
6 87 33
5 74 7
2 5 24
8 90 44
x
9 66 14
12 88 25
x
10 72 9
9 10 1
x
9 90 16
15 48 11
6 34 19
0 61 32
x
4 83 10
8 88 20
9 75 34
1 55 43
5 87 29
x
x
x
10 91 42
x
10 10 25
13 96 44
x
x
x
11 64 39
2 44 3
8 99 18
1 44 8
6 79 27
x
2 60 31
2 41 37
x
x
x
12 39 12
x
0 24 41
2 95 7
7 75 36
2 0 16
11 91 20
7 29 0
13 68 40
10 37 10
x
x
12 63 22
x
8 34 9
6 62 17
3 10 17
7 35 14
11 43 44
7 60 4
3 5 5
x
6 31 34
15 91 28
x
11 10 31
8 75 6
x
11 83 33
x
4 5 13
8 5 18
8 19 30
x
3 53 32
1 15 35
x
4 59 42
x
12 81 26
1 49 21
9 78 27
5 10 33
10 79 39
x
12 45 29
9 20 11
6 50 15
x
12 73 10
1 23 36
14 96 43
10 40 2
x
7 19 3
x
10 76 38
2 99 28
11 38 8
12 90 34
5 58 40
0 97 37
3 0 1
2 97 20
13 53 22
12 42 6
8 62 12
10 68 24
12 24 26
9 58 26
12 86 4
12 34 7
x
x
11 71 43
x
2 37 25
13 79 27
x
2 23 44
13 87 41
4 0 0
x
13 65 10
6 8 14
11 68 42
6 59 9
10 65 19
x
2 49 20
13 33 21
7 5 38
13 40 34
7 86 18
0 20 39
x
2 15 32
12 10 4
x
1 19 28
7 57 37
x
12 69 15
x
14 64 40
13 92 17
12 99 31
8 84 30
5 78 2
2 90 12
x
12 0 41
14 92 27
14 84 43
11 57 24
11 96 26
14 67 5
x
15 89 29
14 36 36
15 67 8
13 73 11
12 60 35
x
8 58 6
13 60 13
3 42 42
15 79 10
15 37 18
0 43 31
9 15 22
10 18 33
x
9 55 7
x
2 86 9
x
13 28 12
8 9 15
14 0 16
11 48 20
0 77 27
3 63 30
4 22 30
13 10 3
5 5 26
3 58 43
x
15 72 29
1 35 2
3 46 34
0 92 44
x
14 28 37
1 67 40
13 26 21
14 56 11
x
15 62 10
x
6 82 24
0 70 8
14 13 17
10 62 30
x
x
2 34 1
x
3 15 39
1 91 13
7 48 21
4 54 6
x
13 77 9
1 62 14
4 50 32
x
x
x
9 85 23
0 81 35
x
x
7 78 44
x
x
x
10 87 38
x
x
11 54 0
12 50 18
x
4 24 31
x
15 32 25
5 39 28
x
2 57 5
13 37 20
x
x
2 82 43
3 95 24
0 28 16
15 52 27
x
11 18 42
9 34 13
x
x
7 83 11
x
2 64 40
9 41 22
13 99 34
x
3 27 36
0 74 36
4 87 8
x
4 29 4
15 14 2
8 24 41
3 98 33
5 93 23
x
5 53 30
5 45 27
9 5 10
10 5 35
6 42 38
10 99 44
3 73 29
x
x
14 99 9
8 80 14
x
x
x
x
5 30 22
x
x
7 39 43
6 90 24
1 76 24
14 25 1
x
7 93 7
4 41 15
x
x
x
x
x
4 94 8
11 76 8
4 37 6
9 95 33
x
11 99 9
9 24 19
12 57 34
x
x
10 24 23
13 0 17
15 55 3
5 97 21
9 82 32
x
x
x
14 39 11
12 79 12
11 5 36
x
x
8 38 0
x
13 45 20
13 56 28
11 28 14
6 46 25
12 15 9
x
12 96 44
x
15 94 3
x
11 86 16
12 5 24
8 47 29
12 66 30
3 19 37
14 45 26
3 78 31
x
x
6 54 18
9 48 40
x
2 74 33
x
x
12 83 27
15 45 1
x
x
13 85 39
4 14 4
7 52 38
x
4 71 32
11 60 12
9 38 15
x
2 19 5
3 23 43
10 49 44
5 66 34
13 89 3
x
5 42 42
x
x
14 87 6
4 18 16
x
15 75 8
x
15 99 7
6 27 27