15 81 27
7 43 13
1 65 24
x
x
12 20 37
x
2 62 15
10 14 36
x
11 23 43
6 96 35
x
14 72 0
6 0 10
2 93 38
3 65 10
14 51 30
15 41 33
0 41 21
10 45 19
x
x
7 0 23
15 57 27
5 91 29
14 79 23
x
13 19 16
x
10 96 35
8 42 13
4 98 40
10 83 38
3 50 6
8 51 6
x
x
x
x
11 79 29
14 3 13
x
12 75 19
6 6 43
15 69 17
14 21 21
x
0 83 31
9 52 35
4 10 9
x
0 38 4
x
1 79 32
x
12 29 32
7 24 18
1 47 37
0 0 29
15 0 19
x
x
x
0 65 8
10 58 28
13 23 42
8 29 32
1 96 44
4 69 25
6 76 1
x
7 72 14
3 82 40
15 84 31
x
13 81 9
7 33 31
2 84 24
6 65 9
8 72 28
5 69 3
14 75 40
0 90 25
x
x
14 33 20
1 86 26
x
8 0 20
0 56 13
5 99 35
0 52 31
5 20 42
6 99 21
2 80 35
4 75 31
x
11 93 0
1 28 13
3 92 7
x
0 5 38
x
x
15 27 3
15 77 35
2 77 20
x
9 0 31
14 42 8
x
x
13 5 23
10 0 18
x
x
9 43 4
4 90 30
1 5 21
14 8 10
x
6 69 31
15 9 16
0 11 22
8 78 40
7 99 39
7 67 11
0 33 6
9 63 39
x
x
1 0 20
4 85 13
8 55 25
1 32 25
2 47 12
3 36 6
x
11 51 31
5 95 19
3 87 0
12 92 24
x
9 29 17
2 27 0
9 70 9
x
x
5 15 5
x
4 80 32
x
2 31 41
0 16 20
1 72 9
x
x
1 58 35
2 68 10
x
1 10 32
x
2 54 43
3 70 4
3 38 43
x
x
15 5 13
x
0 86 3
12 53 40
5 89 18
x
x
x
10 29 18
x
4 45 19
6 17 1
5 25 28
11 0 12
3 31 38
0 48 7
11 14 32
13 49 23
x
15 23 24
3 67 11
x
x
14 61 10
x
4 33 8
x
5 84 9
x
6 22 27
13 15 34
7 63 18
x
14 17 36
10 53 11
5 49 27
1 82 10
x
x
8 67 41
x
x
x
x
6 92 4
x
x
10 34 10
11 74 14
4 64 19
x
5 0 1
6 73 3
6 38 17
6 13 38
x
x
1 40 26
2 71 0
7 95 6
5 34 1
8 97 10
7 88 3
x
7 10 19
3 90 9
x
x
15 19 44
x
2 10 32
x
15 97 9
4 73 7
8 92 14
7 14 6
8 14 6
14 48 10
5 61 4
11 33 33
6 87 29
5 74 31
2 5 31
8 90 11
x
9 66 43
12 88 42
x
10 72 1
9 10 28
x
9 90 1
15 48 34
6 34 34
0 61 26
x
4 83 14
8 88 19
9 75 24
1 55 39
5 87 4
x
x
x
10 91 43
x
10 10 2
13 96 36
x
x
x
11 64 41
2 44 21
8 99 4
1 44 4
6 79 42
x
2 60 42
2 41 24
x
x
x
12 39 34
x
0 24 23
2 95 7
7 75 26
2 0 17
11 91 35
7 29 4
13 68 7
10 37 17
x
x
12 63 27
x
8 34 30
6 62 5
3 10 15
7 35 20
11 43 44
7 60 0
3 5 25
x
6 31 30
15 91 34
x
11 10 18
8 75 21
x
11 83 14
x
4 5 14
8 5 25
8 19 24
x
3 53 25
1 15 11
x
4 59 26
x
12 81 8
1 49 25
9 78 13
5 10 13
10 79 41
x
12 45 5
9 20 24
6 50 34
x
12 73 31
1 23 28
14 96 10
10 40 32
x
7 19 31
x
10 76 44
2 99 5
11 38 5
12 90 25
5 58 29
0 97 19
3 0 10
2 97 8
13 53 32
12 42 40
8 62 0
10 68 6
12 24 32
9 58 18
12 86 31
12 34 42
x
x
11 71 24
x
2 37 34
13 79 11
x
2 23 14
13 87 20
4 0 39
x
13 65 34
6 8 32
11 68 3
6 59 38
10 65 3
x
2 49 26
13 33 40
7 5 31
13 40 17
7 86 5
0 20 31
x
2 15 5
12 10 4
x
1 19 36
7 57 38
x
12 69 16
x
14 64 30
13 92 1
12 99 14
8 84 27
5 78 29
2 90 38
x
12 0 26
14 92 14
14 84 41
11 57 25
11 96 11
14 67 1
x
15 89 35
14 36 37
15 67 42
13 73 43
12 60 41
x
8 58 39
13 60 7
3 42 0
15 79 44
15 37 32
0 43 25
9 15 26
10 18 34
x
9 55 3
x
2 86 5
x
13 28 19
8 9 19
14 0 1
11 48 8
0 77 25
3 63 32
4 22 25
13 10 8
5 5 22
3 58 2
x
15 72 39
1 35 9
3 46 24
0 92 38
x
14 28 9
1 67 36
13 26 30
14 56 31
x
15 62 40
x
6 82 13
0 70 1
14 13 23
10 62 9
x
x
2 34 5
x
3 15 20
1 91 26
7 48 43
4 54 40
x
13 77 31
1 62 23
4 50 17
x
x
x
9 85 28
0 81 18
x
x
7 78 24
x
x
x
10 87 10
x
x
11 54 31
12 50 20
x
4 24 11
x
15 32 15
5 39 26
x
2 57 27
13 37 26
x
x
2 82 17
3 95 20
0 28 19
15 52 16
x
11 18 20
9 34 30
x
x
7 83 18
x
2 64 23
9 41 29
13 99 7
x
3 27 19
0 74 6
4 87 28
x
4 29 37
15 14 9
8 24 15
3 98 13
5 93 22
x
5 53 40
5 45 36
9 5 38
10 5 3
6 42 39
10 99 26
3 73 31
x
x
14 99 15
8 80 10
x
x
x
x
5 30 9
x
x
7 39 0
6 90 36
1 76 38
14 25 10
x
7 93 30
4 41 1
x
x
x
x
x
4 94 12
11 76 28
4 37 43
9 95 9
x
11 99 4
9 24 17
12 57 26
x
x
10 24 23
13 0 37
15 55 16
5 97 9
9 82 8
x
x
x
14 39 35
12 79 13
11 5 6
x
x
8 38 9
x
13 45 25
13 56 31
11 28 44
6 46 9
12 15 22
x
12 96 39
x
15 94 9
x
11 86 17
12 5 7
8 47 6
12 66 41
3 19 41
14 45 12
3 78 4
x
x
6 54 4
9 48 35
x
2 74 27
x
x
12 83 24
15 45 18
x
x
13 85 33
4 14 5
7 52 8
x
4 71 39
11 60 21
9 38 7
x
2 19 42
3 23 40
10 49 28
5 66 17
13 89 44
x
5 42 37
x
x
14 87 22
4 18 34
x
15 75 4
x
15 99 22
6 27 20