0 0 0
1 0 1
2 0 2
3 0 3
4 0 4
5 5 5
6 0 6
7 0 7
8 0 8
9 0 9
10 0 10
11 0 11
12 0 12
13 0 13
14 3 14
15 0 15
0 2 16
1 5 17
2 2 18
3 3 19
4 1 20
5 0 21
6 3 22
7 2 23
8 3 24
9 5 25
10 4 26
11 3 27
12 4 28
13 3 29
14 8 30
15 2 31
0 3 32
1 10 33
2 6 34
3 4 35
4 4 36
5 9 37
6 8 38
7 7 39
8 9 40
9 6 41
10 9 42
11 6 43
12 8 44
13 4 0
14 11 1
15 7 2
0 5 3
1 14 4
2 8 5
3 8 6
4 7 7
5 11 8
6 11 9
7 9 10
8 13 11
9 11 12
10 10 13
11 10 14
12 9 15
13 7 16
14 0 17
15 9 18
0 11 19
1 17 20
2 12 21
3 9 22
4 9 23
5 13 24
6 14 25
7 11 26
8 18 27
9 16 28
10 11 29
11 15 30
12 14 31
13 8 32
14 15 33
15 10 34
0 16 35
1 21 36
2 15 37
3 14 38
4 13 39
5 15 40
6 17 41
7 15 42
8 21 43
15 14 44
9 24 44
10 16 0
11 18 1
12 18 2
15 19 4
15 20 42
15 22 22
13 9 3
14 17 4
15 27 5
0 8 6
15 32 18
1 28 7
2 19 8
3 16 9
4 15 10
5 19 11
6 20 12
7 20 13
8 23 14
9 29 15
10 18 16
11 16 17
12 23 18
13 10 19
14 20 20
15 34 21
0 19 22
1 33 23
2 20 24
3 19 25
4 29 26
5 21 27
6 23 28
7 21 29
15 35 39
15 37 30
8 28 30
9 32 31
10 21 32
11 22 33
12 28 34
13 15 35
14 22 36
15 38 43
15 40 37
15 43 37
0 24 38
1 37 39
2 25 40
15 44 3
15 46 13
15 49 8
15 52 6
3 24 41
4 19 42
5 25 43
6 6 44
7 26 0
8 33 1
9 21 2
10 24 3
11 24 4
12 29 5
13 20 6
14 28 7
15 57 8
0 25 9
1 40 10
2 28 11
3 29 12
4 34 13
5 29 14
6 28 15
7 28 16
15 60 17
15 64 21
15 66 33
15 67 29
8 38 17
9 37 18
10 27 19
11 28 20
12 32 21
13 28 22
14 24 23
15 70 24
0 27 25
1 43 26
2 31 27
3 38 28
4 45 29
5 30 30
6 34 31
7 30 32
8 39 33
9 43 34
10 31 35
11 30 36
12 33 37
13 24 38
14 32 39
15 75 16
15 76 40
15 80 9
15 84 16
15 81 38
14 34 39
15 87 40
0 28 41
1 26 42
2 36 43
3 43 44
4 50 0
5 34 1
6 31 2
14 39 37
7 35 3
8 43 4
15 91 21
9 41 5
10 40 6
11 33 7
12 35 8
13 32 9
14 40 10
15 92 11
0 32 12
1 49 13
2 40 14
3 31 15
4 54 16
5 39 17
6 37 18
7 33 19
8 44 20
9 45 21
10 43 22
11 37 23
12 38 24
13 34 25
14 42 34
14 43 37
14 47 26
14 49 34
15 94 4
0 43 27
1 50 28
2 43 29
3 33 30
4 24 31
5 45 32
6 38 33
7 39 34
8 48 35
9 47 36
10 49 37
11 41 38
12 42 39
14 50 42
13 39 40
14 54 41
15 98 42
0 52 43
1 55 44
2 49 0
3 53 1
4 58 2
5 47 3
6 43 4
7 44 5
8 53 6
9 50 7
10 54 8
14 55 9
14 57 25
14 59 13
14 64 26
11 46 9
12 39 10
13 26 11
14 62 12
0 56 13
1 56 14
2 50 15
3 58 16
4 26 17
5 49 18
6 48 19
7 48 20
8 58 21
9 54 22
10 58 23
11 48 24
12 45 25
13 44 26
14 67 27
0 37 28
1 62 29
2 54 30
3 50 31
4 39 32
5 51 33
14 70 8
14 72 0
13 49 39
14 75 38
14 77 3
14 81 19
14 86 4
14 88 32
14 89 36
14 90 8
6 49 34
14 93 30
13 45 11
7 50 35
8 61 36
13 56 42
9 55 37
10 61 38
11 26 39
12 48 40
13 61 41
14 97 42
0 60 43
1 58 44
2 55 0
3 61 1
4 41 2
5 55 3
6 51 4
7 55 5
8 65 6
9 58 7
10 66 8
11 51 9
12 50 10
13 54 11
0 48 12
13 64 32
13 69 18
13 73 25
13 79 9
1 66 13
2 56 14
3 67 15
4 64 16
5 60 17
6 54 18
7 60 19
8 67 20
9 66 21
10 70 22
11 52 23
12 54 24
13 82 25
14 99 26
0 64 27
1 68 28
2 62 29
3 73 30
4 68 31
5 63 32
6 56 33
7 64 34
8 72 35
9 75 36
10 74 37
11 57 38
12 56 39
13 85 40
0 41 41
1 69 42
2 65 43
3 70 44
4 73 0
5 65 1
6 58 2
7 67 3
8 69 4
9 79 5
10 79 6
11 62 7
12 58 8
13 90 9
0 69 10
1 71 11
2 68 12
3 76 13
4 77 14
5 67 15
6 59 16
7 71 17
8 77 18
9 62 19
10 83 20
11 68 21
12 63 22
13 93 23
0 74 24
1 74 25
2 69 26
3 81 27
4 81 28
5 72 29
6 64 30
7 73 31
8 84 32
9 71 33
10 37 34
12 66 0
12 71 34
13 97 12
12 75 2
12 78 9
12 81 6
12 86 17
12 92 34
12 96 26
11 73 2
11 79 36
11 75 12
11 83 9
11 87 35
0 77 36
1 79 37
2 74 38
3 83 39
4 84 40
5 76 41
6 65 42
7 77 43
8 92 44
12 88 4
9 84 0
10 35 1
11 91 2
0 82 3
1 83 4
2 76 5
3 87 6
4 43 7
5 43 8
6 70 9
7 79 10
9 90 11
10 87 12
11 96 13
0 87 14
1 85 15
2 79 16
10 91 17
9 95 22
3 95 17
4 88 18
5 84 19
6 76 20
7 84 21
8 95 22
0 91 23
1 88 24
2 84 25
3 91 26
4 89 27
5 81 28
6 79 29
7 89 30
10 96 34
7 90 33
7 95 30
6 82 32
10 93 16
8 81 31
0 96 32
1 91 33
12 90 27
9 63 4
2 88 34
4 90 35
5 89 36
6 87 37
1 95 38
2 91 39
3 36 40
4 94 41
5 82 42
6 89 43
8 89 44
12 94 16
6 93 17
6 96 6
5 93 12
2 96 0
3 48 1
4 95 2
5 96 3
6 99 4
x
x
7 99 5
x
x
x
x
x
8 82 6
x
x
x
x
x
9 88 7
x
10 47 8
11 65 9
12 99 10
x
x
x
0 50 11
x
x
x
x
x
x
x
x
x
x
x
2 99 12
x
3 65 13
x
5 91 14
x
8 99 15
10 99 16
x
x
x
x
11 99 17
x
x
x
x
0 72 18
x
x
5 99 19
x
x
0 99 20
x
x
x
x
x
x
x
x
x
x
x
x
x
x
x
x
x
x
x
x
x
x
x
x
x
x
x
x
x
x
x
x
x
x
x
x
x
x
x
x
x
x
x
x
x
x
x
x
x
x
x
x
x
x
x
x
x
x
x
x
x
x
x
x
x
x
x
x
x
x
x
x
x
x
x
x
x
x
x