1 28 18
11 50 26
4 93 42
x
x
3 77 25
x
14 78 17
4 90 3
x
2 12 9
11 55 0
x
1 24 23
13 34 26
6 10 40
3 48 23
2 0 22
3 73 40
10 93 27
11 47 44
x
x
3 67 27
7 35 41
7 30 33
x
x
14 6 15
12 99 8
4 87 3
8 0 15
1 22 13
4 95 1
13 73 14
3 53 23
x
6 8 19
9 14 10
x
2 8 43
7 89 16
4 26 27
13 30 25
3 36 30
14 10 16
9 17 11
x
13 70 9
14 42 42
10 96 24
7 96 43
7 94 2
6 0 13
2 5 20
13 28 12
3 58 24
14 13 22
13 26 20
5 93 9
13 61 2
1 99 42
11 45 24
13 66 43
3 43 35
7 26 7
13 67 21
11 40 6
x
3 28 21
6 2 42
x
13 16 42
x
x
5 98 44
4 78 8
10 89 22
4 82 6
10 18 19
4 84 17
5 75 18
4 74 27
13 24 6
7 21 42
x
10 90 1
x
10 86 20
3 38 6
7 84 23
1 98 3
9 10 25
13 19 22
3 31 5
15 81 0
x
x
1 94 19
7 15 20
7 19 15
13 10 19
3 19 17
10 88 44
x
8 9 41
2 97 3
10 14 5
x
14 90 5
4 67 37
x
3 30 32
8 92 34
9 5 6
7 8 8
5 91 16
1 1 7
x
1 89 17
13 56 19
x
13 12 36
7 3 18
9 0 18
10 12 39
7 14 20
12 49 39
13 49 9
7 67 0
x
14 99 41
14 73 36
0 97 31
13 98 33
3 32 11
1 97 44
5 2 41
x
1 19 33
14 40 44
14 95 40
7 23 43
x
6 85 38
4 70 21
7 10 13
4 22 18
13 0 17
11 28 43
6 73 40
7 77 34
x
6 97 16
7 80 21
7 73 39
x
6 67 7
15 94 11
10 83 12
8 72 39
11 19 41
x
1 16 42
15 22 35
5 87 43
6 52 33
10 81 27
10 78 4
13 54 19
12 45 42
6 90 8
4 41 41
9 87 5
x
x
3 5 8
4 99 40
14 28 10
8 84 3
3 0 32
15 24 0
8 79 25
7 0 38
6 94 23
7 69 36
7 55 3
3 14 37
6 64 5
x
8 65 12
11 24 33
6 6 1
3 10 26
3 99 33
5 84 40
9 79 4
15 62 24
1 6 11
14 36 3
3 27 30
11 36 29
0 89 29
1 85 2
6 76 14
12 93 38
1 0 26
9 93 13
8 99 0
14 61 31
15 99 14
x
x
x
4 38 1
15 97 22
15 16 38
6 80 22
x
0 94 7
15 57 13
6 69 1
4 58 12
x
x
14 69 39
13 96 32
x
12 32 41
11 26 2
x
0 99 26
7 57 10
8 55 40
14 1 44
x
0 74 23
x
0 84 21
1 80 41
7 44 16
6 50 0
x
14 21 30
2 92 10
5 80 10
12 27 26
14 64 37
11 33 27
4 54 27
12 22 4
2 99 8
2 59 39
10 0 33
2 72 42
4 62 3
5 68 15
6 38 34
x
x
0 60 42
10 68 8
9 75 4
x
9 63 37
5 59 42
3 24 44
15 35 23
0 66 32
10 73 28
0 46 43
2 71 40
x
0 64 10
5 64 16
1 13 29
11 18 39
x
7 49 43
7 31 22
10 9 41
7 33 28
4 64 14
12 42 43
x
13 47 2
1 10 21
x
x
8 70 43
15 14 6
15 18 40
12 15 23
15 44 24
6 61 43
12 0 5
10 66 3
1 76 40
x
10 55 3
x
x
15 32 37
5 54 13
13 6 34
14 18 44
12 75 31
6 57 30
2 87 13
14 33 21
2 82 16
x
8 48 30
7 64 19
12 92 22
8 61 44
12 36 3
x
1 82 32
x
4 49 19
0 81 24
8 74 31
x
12 5 40
5 50 35
0 41 34
0 56 40
7 99 33
4 24 25
10 4 0
6 46 16
4 29 38
5 72 43
8 42 15
7 50 37
8 67 43
4 45 36
9 97 42
15 3 8
10 57 25
5 29 17
11 91 22
x
2 74 38
x
12 19 35
8 7 21
14 56 18
13 95 28
7 61 25
10 75 36
0 68 2
11 97 33
12 87 1
12 96 20
8 50 11
2 66 29
4 15 9
5 45 18
14 80 7
1 71 1
3 65 14
6 31 32
12 12 14
13 92 18
2 62 1
0 33 35
2 70 27
4 34 35
9 52 12
9 58 34
x
9 90 15
5 39 39
14 87 24
5 61 4
5 56 38
4 43 13
1 62 12
5 31 28
1 55 0
13 42 39
2 44 36
2 55 11
x
13 88 15
15 50 15
x
5 25 19
6 54 14
x
12 82 14
x
8 58 37
x
11 96 40
x
x
9 84 13
x
8 37 26
x
15 19 10
7 46 12
5 35 32
x
15 79 30
4 20 40
15 59 5
3 92 38
9 70 42
9 81 27
x
9 66 7
5 16 27
11 85 28
11 89 12
13 2 35
13 83 11
15 9 20
9 47 39
12 80 14
2 79 6
14 0 37
x
1 60 12
11 4 4
8 32 27
5 0 24
2 52 17
5 21 13
2 47 8
14 82 21
2 38 14
2 30 24
4 10 14
x
14 3 1
5 12 32
15 0 17
x
x
15 89 19
x
12 90 11
0 28 9
x
10 61 15
x
x
6 43 20
3 95 29
1 45 13
13 94 9
2 46 27
0 78 36
10 72 31
11 80 36
x
15 46 7
11 68 7
11 83 40
3 63 9
2 49 20
15 38 36
12 86 38
x
x
x
10 34 32
x
x
x
14 62 12
10 38 12
x
x
x
10 37 2
10 52 20
15 5 44
x
12 9 34
2 43 22
4 5 23
6 28 29
0 39 8
3 85 41
8 29 28
x
x
6 23 29
8 26 29
1 49 37
9 39 10
3 51 27
8 18 5
0 52 22
12 73 10
10 32 42
11 75 5
8 97 39
14 83 43
10 94 11
0 38 44
x
11 13 30
0 48 12
14 53 26
2 29 21
7 40 0
10 40 29
10 24 16
11 73 6
15 42 12
x
11 58 44
12 69 28
15 84 31
1 40 31
15 75 1
5 99 26
4 0 4
15 55 36
0 23 5
11 99 17
0 43 3
11 79 34
9 88 3
15 29 28
6 16 17
0 11 30
x
x
9 54 8
2 21 33
10 49 33
11 2 35
14 26 3
9 21 35
0 35 35
2 28 15
x
x
0 9 32
x
x
0 7 13
0 25 20
x
x
3 50 7
2 23 4
0 20 27
x
10 22 0
2 16 25
14 45 2
1 38 8
8 5 39
13 75 1
15 73 43
x
x
0 4 10
11 0 9
12 64 32
x
1 37 6
3 88 28
1 36 33
9 31 32
8 44 37
8 13 0
6 34 31
6 18 9
x
9 24 26
x
10 45 31
x
x
0 15 33
9 43 3
6 25 4
5 5 44
5 9 41
3 81 7
x
x
9 34 17
6 12 19
8 90 43
13 39 18
x
7 97 34
2 35 34
8 23 38
x
8 89 33
0 2 8
12 60 18
1 30 28
x
0 0 6
13 79 7
10 29 13
12 58 25
11 9 2
9 27 14
12 54 12
14 50 28
11 63 8
x
15 67 26
x
x
x
1 67 30
x
12 39 30
1 35 32
13 87 13
15 69 33