15 71 2
3 23 4
0 63 41
1 35 13
0 41 33
0 66 14
8 31 31
5 93 37
12 8 7
12 82 10
10 84 38
11 50 39
1 18 28
1 72 33
10 54 20
7 91 36
2 60 6
3 58 35
1 95 25
13 17 27
2 2 30
11 39 42
10 70 32
4 87 22
6 57 24
1 56 15
6 13 11
10 24 13
9 83 40
1 9 29
2 42 31
5 57 21
15 59 32
7 7 12
12 6 16
0 79 44
7 47 2
12 76 10
13 75 42
15 36 6
3 87 19
7 83 27
12 48 28
15 90 9
2 29 29
8 51 39
4 11 43
11 56 36
11 53 15
12 43 1
2 90 13
7 37 17
15 61 0
3 8 28
6 24 41
6 22 36
2 78 6
9 33 37
3 28 33
15 41 3
9 94 2
7 13 31
0 74 10
6 45 17
13 79 5
0 34 11
0 12 32
0 28 18
0 54 29
9 56 42
5 64 23
2 13 4
13 35 28
8 85 34
7 95 35
6 9 36
5 52 12
10 13 17
5 29 31
5 95 24
15 32 26
3 11 19
14 4 7
14 29 33
11 92 9
5 10 30
14 19 38
0 0 16
11 24 8
9 9 39
9 43 15
4 56 25
1 5 10
10 5 14
11 72 36
4 45 41
0 94 0
7 14 4
12 58 44
11 19 17
11 32 21
9 25 29
3 79 4
3 29 9
6 48 1
15 78 8
4 53 25
2 85 31
14 1 35
8 3 40
8 14 30
12 96 36
5 73 12
0 21 34
7 53 23
13 21 42
13 30 33
12 30 35
13 65 5
3 42 28
15 25 1
2 37 7
11 0 9
15 15 16
1 79 11
3 75 12
14 59 26
13 69 6
5 17 19
4 42 43
13 0 44
4 41 29
4 82 41
6 52 20
8 12 24
12 22 37
1 42 42
10 51 0
1 28 21
15 22 22
2 21 32
4 48 33
1 51 36
9 76 44
7 77 29
5 86 18
5 46 13
7 24 26
11 7 15
8 63 25
3 3 7
6 94 27
13 19 31
15 1 21
7 39 5
13 4 38
2 32 10
12 69 42
0 5 0
2 62 44
4 32 12
14 64 26
3 67 20
15 75 31
14 17 9
0 83 2
10 62 43
4 51 36
10 33 7
13 26 32
10 89 15
14 83 20
8 10 10
8 61 6
8 75 17
12 14 30
1 85 33
10 50 24
7 61 3
8 44 8
14 33 14
8 26 36
9 27 35
9 62 32
14 78 42
12 54 24
11 35 43
10 76 27
5 6 12
12 2 13
5 50 22
3 69 6
12 66 38
13 88 19
15 50 30
13 85 39
0 43 17
13 11 37
6 76 38
13 60 43
0 90 44
2 56 13
14 40 4
5 75 9
8 36 10
8 54 15
12 50 0
7 29 30
5 42 34
5 1 22
6 56 29
14 10 44
2 51 31
6 0 1
6 20 18
0 19 16
8 34 21
8 93 11
3 41 40
8 41 0
11 98 28
4 59 6
10 64 23
2 55 34
8 82 40
14 69 17
11 45 20
2 95 29
1 91 22
7 60 7
1 63 34
9 72 15
9 38 44
11 85 40
7 89 1
4 16 2
11 74 18
9 15 39
2 5 5
10 93 25
1 32 24
10 73 12
1 13 15
14 48 10
6 64 32
11 57 41
14 54 3
7 16 31
15 65 42
8 21 33
9 0 7
12 5 1
12 79 35
9 19 43
15 69 28
15 55 14
12 26 16
13 39 21
6 70 29
13 50 26
15 46 30
4 71 2
4 0 8
7 43 20
12 35 39
5 80 25
3 32 27
13 95 34
5 33 9
14 93 14
10 49 4
1 70 19
4 5 24
4 94 40
10 41 11
15 10 29
0 91 1
3 5 15
5 32 28
0 52 4
11 29 35
8 2 37
4 77 1
11 14 12
7 73 19
3 86 36
4 96 38
6 90 42
10 96 13
1 50 14
14 74 0
9 32 17
4 66 20
2 49 33
15 38 6
1 43 28
9 48 15
6 39 26
11 9 25
13 9 3
3 98 40
6 3 41
14 45 39
14 24 22
7 67 24
6 97 29
12 17 9
2 66 14
5 67 16
9 59 37
15 84 41
5 85 43
15 4 40
2 74 42
1 49 19
13 31 27
7 25 36
10 31 13
10 19 17
3 16 43
6 81 13
9 80 30
14 87 23
3 39 8
12 37 18
1 0 22
13 44 33
2 17 34
3 53 31
12 67 44
9 51 4
15 96 12
4 34 15
7 0 43
5 36 19
9 66 8
1 76 10
13 56 3
7 3 6
4 64 31
11 61 5
7 11 32
6 27 0
11 94 2
11 80 33
11 43 35
12 92 42
0 72 25
6 34 40
10 53 17
0 15 1
2 25 38
5 23 39
6 43 21
3 55 19
11 47 36
12 61 35
11 87 29
1 22 7
0 58 37
3 20 44
12 71 6
3 96 11
4 21 2
12 51 17
4 30 25
8 17 32
7 51 12
14 3 16
10 1 43
4 25 20
x
7 21 14
11 69 18
x
11 4 24
6 10 34
0 87 11
10 0 21
x
9 5 4
x
x
4 57 16
6 86 30
4 75 14
10 27 44
x
8 79 8
1 57 21
0 48 2
x
14 13 14
15 94 10
9 90 1
15 51 9
7 6 27
x
x
10 45 29
13 45 35
x
x
13 92 17
2 70 28
8 58 37
x
14 22 41
15 13 40
8 68 5
14 76 8
x
2 45 35
x
x
x
x
0 77 16
x
x
x
x
12 87 6
8 72 7
15 57 11
x
4 76 34
x
x
2 83 41
1 10 38
x
14 28 14
7 36 37
x
x
x
x
14 95 23
x
6 72 34
x
3 73 25
x
x
9 24 4
x
10 59 10
x
10 14 6
x
3 0 28
x
3 91 14
4 93 37
10 68 32
5 39 39
14 0 17
13 23 30
x
x
x
2 11 33
1 34 37
14 60 17
x
6 62 32
15 20 31
10 10 41
x
13 28 44
8 0 10
x
x
5 84 3
5 72 12
7 82 26
x
12 12 23
2 31 24
5 14 42
x
x
x
8 84 33
x
x
15 6 37
x
x
1 71 38
x
9 87 20
x
x
x
12 0 23
x
x
14 38 24
4 9 22
x
12 25 16
x
7 66 37
2 99 19
14 26 43
x
x
x
5 9 40
x
x
x
1 30 14
1 40 43
13 2 23
x
x
x
x
x
13 8 10
x
14 92 17
6 46 22
1 75 4
x
13 16 37
15 58 13
15 63 24
3 47 36
x
x
3 7 41
x
7 71 30
x
14 81 21
6 93 41
8 49 42
x
11 28 10
x
7 93 18
5 74 2
12 46 37
x
3 77 26
x
x
x
1 99 43
x
x
x
5 99 41
x
x
7 33 11
0 26 24
x
0 70 10
3 50 33
x
x
13 98 32
x
3 30 17
1 62 18
x
10 72 19
x
x
x
x
x
4 20 33
x
10 80 38
x
x
x
x
x
x
x
x
x
x
0 9 10
x
x
4 52 16
x
x
2 88 38
x
x
x
2 10 35
6 50 0
x
x
x
6 54 2
x
x
0 45 32
x
x
x
x
x
0 92 22
14 8 40
x
9 99 20
x
x
x
1 68 28
12 1 20
11 34 16
x