15 81 0
7 43 1
1 65 2
x
x
12 20 5
x
2 62 7
10 14 8
x
11 23 10
6 96 11
x
14 72 13
6 0 14
2 93 15
3 65 16
14 51 17
15 41 18
0 41 19
10 45 20
x
x
7 0 23
15 57 24
5 91 25
14 79 26
x
13 19 28
x
10 96 30
8 42 31
4 98 32
10 83 33
3 50 34
8 51 35
x
x
x
x
11 79 40
14 3 41
x
12 75 43
6 6 44
15 69 4
14 21 42
x
0 83 29
9 52 39
4 10 21
x
0 38 19
x
1 79 6
x
12 29 36
7 24 16
1 47 25
0 0 44
15 0 37
x
x
x
0 65 15
10 58 32
13 23 11
8 29 22
1 96 30
4 69 0
6 76 26
x
7 72 40
3 82 43
15 84 3
x
13 81 9
7 33 12
2 84 13
6 65 25
8 72 2
5 69 7
14 75 34
0 90 4
x
x
14 33 29
1 86 38
x
8 0 35
0 56 6
5 99 20
0 52 33
5 20 19
6 99 1
2 80 12
4 75 30
x
11 93 18
1 28 8
3 92 10
x
0 5 31
x
x
15 27 17
15 77 27
2 77 43
x
9 0 5
14 42 9
x
x
13 5 24
10 0 26
x
x
9 43 4
4 90 34
1 5 1
14 8 0
x
6 69 32
15 9 3
0 11 38
8 78 42
7 99 20
7 67 36
0 33 2
9 63 7
x
x
1 0 16
4 85 39
8 55 12
1 32 11
2 47 15
3 36 40
x
11 51 10
5 95 30
3 87 41
12 92 22
x
9 29 25
2 27 14
9 70 21
x
x
5 15 27
x
4 80 34
x
2 31 6
0 16 28
1 72 29
x
x
1 58 40
2 68 23
x
1 10 42
x
2 54 7
3 70 32
3 38 39
x
x
15 5 13
x
0 86 36
12 53 18
5 89 22
x
x
x
10 29 41
x
4 45 20
6 17 12
5 25 17
11 0 4
3 31 19
0 48 30
11 14 33
13 49 43
x
15 23 34
3 67 37
x
x
14 61 10
x
4 33 29
x
5 84 35
x
6 22 23
13 15 2
7 63 11
x
14 17 8
10 53 22
5 49 32
1 82 36
x
x
8 67 15
x
x
x
x
6 92 0
x
x
10 34 3
11 74 6
4 64 38
x
5 0 5
6 73 40
6 38 10
6 13 26
x
x
1 40 1
2 71 9
7 95 21
5 34 44
8 97 13
7 88 24
x
7 10 31
3 90 7
x
x
15 19 14
x
2 10 28
x
15 97 43
4 73 37
8 92 25
7 14 36
8 14 30
14 48 16
5 61 20
11 33 0
6 87 33
5 74 41
2 5 13
8 90 18
x
9 66 19
12 88 40
x
10 72 6
9 10 17
x
9 90 21
15 48 15
6 34 39
0 61 9
x
4 83 27
8 88 35
9 75 24
1 55 34
5 87 3
x
x
x
10 91 29
x
10 10 7
13 96 38
x
x
x
11 64 25
2 44 11
8 99 37
1 44 23
6 79 18
x
2 60 2
2 41 8
x
x
x
12 39 5
x
0 24 10
2 95 12
7 75 41
2 0 22
11 91 40
7 29 21
13 68 35
10 37 20
x
x
12 63 27
x
8 34 29
6 62 37
3 10 38
7 35 3
11 43 6
7 60 4
3 5 19
x
6 31 16
15 91 32
x
11 10 2
8 75 24
x
11 83 1
x
4 5 26
8 5 33
8 19 15
x
3 53 9
1 15 44
x
4 59 12
x
12 81 25
1 49 18
9 78 31
5 10 40
10 79 43
x
12 45 14
9 20 36
6 50 20
x
12 73 0
1 23 28
14 96 39
10 40 5
x
7 19 30
x
10 76 32
2 99 35
11 38 16
12 90 23
5 58 1
0 97 8
3 0 27
2 97 17
13 53 42
12 42 24
8 62 34
10 68 37
12 24 13
9 58 4
12 86 25
12 34 41
x
x
11 71 23
x
2 37 39
13 79 31
x
2 23 21
13 87 43
4 0 10
x
13 65 0
6 8 9
11 68 29
6 59 12
10 65 7
x
2 49 17
13 33 18
7 5 32
13 40 35
7 86 33
0 20 6
x
2 15 25
12 10 20
x
1 19 8
7 57 11
x
12 69 3
x
14 64 38
13 92 1
12 99 2
8 84 43
5 78 15
2 90 34
x
12 0 5
14 92 31
14 84 23
11 57 44
11 96 22
14 67 4
x
15 89 16
14 36 14
15 67 28
13 73 36
12 60 37
x
8 58 30
13 60 26
3 42 29
15 79 2
15 37 33
0 43 0
9 15 42
10 18 40
x
9 55 13
x
2 86 41
x
13 28 1
8 9 34
14 0 19
11 48 3
0 77 17
3 63 31
4 22 22
13 10 43
5 5 24
3 58 39
x
15 72 15
1 35 16
3 46 21
0 92 12
x
14 28 38
1 67 11
13 26 18
14 56 4
x
15 62 36
x
6 82 35
0 70 44
14 13 28
10 62 31
x
x
2 34 23
x
3 15 37
1 91 6
7 48 26
4 54 18
x
13 77 22
1 62 27
4 50 41
x
x
x
9 85 19
0 81 25
x
x
7 78 14
x
x
x
10 87 13
x
x
11 54 32
12 50 10
x
4 24 33
x
15 32 7
5 39 17
x
2 57 22
13 37 2
x
x
2 82 39
3 95 9
0 28 35
15 52 15
x
11 18 3
9 34 6
x
x
7 83 1
x
2 64 36
9 41 11
13 99 42
x
3 27 44
0 74 0
4 87 30
x
4 29 5
15 14 19
8 24 40
3 98 31
5 93 12
x
5 53 25
5 45 21
9 5 13
10 5 14
6 42 38
10 99 8
3 73 16
x
x
14 99 18
8 80 26
x
x
x
x
5 30 39
x
x
7 39 23
6 90 37
1 76 34
14 25 41
x
7 93 32
4 41 1
x
x
x
x
x
4 94 31
11 76 10
4 37 11
9 95 15
x
11 99 12
9 24 28
12 57 4
x
x
10 24 36
13 0 43
15 55 24
5 97 29
9 82 22
x
x
x
14 39 33
12 79 2
11 5 17
x
x
8 38 20
x
13 45 7
13 56 37
11 28 12
6 46 35
12 15 9
x
12 96 24
x
15 94 16
x
11 86 32
12 5 18
8 47 27
12 66 41
3 19 0
14 45 30
3 78 31
x
x
6 54 42
9 48 15
x
2 74 10
x
x
12 83 8
15 45 29
x
x
13 85 38
4 14 5
7 52 21
x
4 71 22
11 60 40
9 38 1
x
2 19 23
3 23 34
10 49 3
5 66 19
13 89 24
x
5 42 16
x
x
14 87 11
4 18 26
x
15 75 44
x
15 99 25
6 27 8