4 11 2
13 5 4
14 93 41
2 97 13
1 22 33
2 39 14
7 50 31
12 44 37
11 72 7
7 61 10
8 50 38
4 66 39
3 6 28
7 96 33
8 63 20
2 66 36
12 97 6
12 4 35
10 4 25
11 96 27
11 31 30
6 28 42
11 38 32
10 60 22
15 38 24
6 62 15
14 18 11
6 38 13
3 89 40
5 5 29
0 28 31
1 74 21
11 35 32
15 17 12
12 39 16
5 17 44
7 75 2
2 43 10
9 12 42
8 93 6
12 57 19
15 60 27
3 22 28
6 52 9
3 29 29
14 45 39
14 9 43
13 35 36
13 90 15
13 74 1
0 57 13
5 9 17
10 84 0
1 14 28
7 11 41
9 44 36
9 58 6
13 15 37
8 27 33
0 82 3
11 41 2
7 86 31
14 5 10
8 78 17
12 28 5
3 77 11
1 97 32
11 90 18
8 87 29
8 13 42
11 14 23
2 20 4
0 97 28
4 18 34
7 90 35
3 50 36
2 13 12
1 90 17
11 10 31
9 47 24
2 82 26
3 13 19
7 37 7
1 91 33
0 54 9
13 69 30
0 25 38
12 47 16
15 5 8
8 58 39
2 29 15
15 72 25
0 33 10
5 49 14
0 65 36
4 32 41
4 83 0
15 36 4
12 69 44
15 1 17
4 24 21
12 33 29
8 30 4
2 46 9
10 73 1
10 78 8
10 51 25
6 80 31
11 21 35
6 23 40
15 57 30
9 0 36
6 68 12
11 58 34
9 94 23
13 13 42
5 80 33
0 4 35
2 25 5
7 55 28
9 68 1
2 76 7
9 83 9
11 53 16
1 31 11
12 16 12
6 46 26
5 39 6
12 22 19
14 50 43
5 98 44
6 16 29
0 88 41
15 93 20
15 21 24
6 84 37
8 56 42
2 75 0
9 54 21
15 65 22
7 22 32
2 9 33
13 80 36
5 86 44
13 64 29
14 81 18
1 42 13
7 45 26
9 51 15
2 54 25
15 78 7
3 68 27
2 7 31
9 36 21
4 36 5
14 67 38
5 66 10
8 9 42
15 89 0
1 70 44
10 89 12
13 56 26
14 48 20
12 92 31
11 22 9
0 18 2
12 84 43
2 24 36
4 95 7
7 80 32
6 91 15
5 57 20
15 80 10
5 1 6
6 71 17
6 65 30
15 95 33
7 19 24
7 28 3
7 4 8
11 1 14
4 0 36
5 30 35
13 24 32
12 78 42
10 32 24
1 23 43
2 34 27
11 83 12
8 39 13
1 79 22
13 96 6
0 9 38
1 55 19
6 96 30
2 63 39
3 44 17
2 49 37
12 53 38
15 44 43
12 1 44
3 2 13
13 36 4
13 83 9
15 49 10
5 96 15
11 25 0
9 15 30
10 77 34
9 5 22
7 79 29
4 72 44
14 88 31
8 23 1
12 61 18
9 6 16
4 81 21
9 30 11
10 21 40
3 32 0
11 88 28
10 96 6
4 77 23
15 73 34
7 54 40
8 42 17
3 86 20
15 85 29
0 75 22
5 26 7
12 9 34
14 36 15
10 91 44
5 22 40
9 79 1
4 14 2
10 44 18
14 41 39
7 66 5
6 63 25
3 40 24
0 31 12
5 74 15
2 2 10
1 62 32
1 86 41
2 68 3
4 57 31
12 36 42
2 93 33
10 53 7
14 56 1
12 86 35
6 41 43
8 28 28
7 25 14
1 2 16
4 47 21
10 25 29
15 12 26
3 96 30
1 6 2
4 53 8
6 8 20
3 81 39
9 27 25
10 1 27
15 27 34
9 87 9
2 85 14
6 2 4
10 8 19
15 23 24
1 29 40
13 30 11
13 87 29
2 38 1
6 78 15
13 21 28
15 76 4
8 0 35
3 25 37
14 85 1
4 5 12
12 19 19
2 0 36
11 69 38
5 27 42
10 10 13
3 55 14
15 34 0
6 57 17
5 70 20
4 91 33
7 46 6
8 73 28
0 66 15
0 14 26
10 66 25
6 31 3
9 39 40
7 89 41
11 28 39
7 17 22
0 61 24
13 51 29
5 11 9
0 43 14
14 57 16
11 47 37
8 16 41
10 75 43
10 40 40
6 58 42
7 41 19
8 3 27
6 35 36
13 93 13
12 81 17
7 82 43
14 28 13
14 71 30
6 18 23
9 91 8
6 87 18
12 65 22
14 97 33
1 18 34
10 37 31
10 86 44
1 81 4
13 0 12
13 42 15
0 68 43
11 7 19
12 73 8
14 37 10
1 93 3
4 88 6
14 77 31
9 19 5
1 46 32
14 13 0
8 79 2
6 47 33
2 17 35
5 93 42
5 81 25
3 59 40
13 28 17
13 10 1
5 35 38
2 88 39
8 69 21
9 75 19
0 0 36
10 27 35
7 71 29
5 61 7
1 49 37
4 70 44
x
5 10 11
15 74 2
14 23 17
5 24 25
0 93 32
8 54 12
14 1 16
8 35 43
1 12 20
x
3 74 14
7 0 18
x
14 64 24
5 6 34
0 22 11
4 94 21
x
14 52 4
x
x
6 14 16
15 68 30
6 98 14
11 79 44
x
11 97 8
8 46 21
0 11 2
x
5 45 14
12 2 10
14 33 1
9 8 9
13 41 27
x
x
9 24 29
3 0 35
x
x
8 84 17
0 37 28
7 42 37
x
4 9 41
9 77 40
7 14 5
3 53 8
x
1 67 35
x
x
x
x
6 3 16
x
x
x
x
9 81 6
3 46 7
9 3 11
x
11 86 34
x
x
3 23 41
14 74 38
x
13 29 14
7 21 37
x
x
x
x
3 19 23
x
15 53 34
x
3 83 25
x
x
11 87 4
x
11 18 10
x
11 50 6
x
10 14 28
x
13 61 14
14 49 37
7 60 32
3 10 39
12 99 17
11 75 30
x
x
x
6 76 33
14 99 37
0 48 17
x
0 71 32
0 80 31
15 9 41
x
1 16 44
1 37 10
x
x
9 63 3
4 30 12
10 72 26
x
1 59 23
10 59 24
10 18 42
4 41 26
8 95 18
5 54 27
1 40 33
x
3 26 3
4 29 37
11 63 2
x
9 73 38
x
9 40 20
x
x
x
8 12 23
x
x
11 12 24
6 12 22
x
9 53 16
x
14 8 37
15 92 19
12 96 43
x
x
x
9 43 40
x
x
x
7 84 14
7 26 43
4 45 23
x
x
x
x
x
13 73 10
x
4 76 17
13 98 22
14 79 4
x
5 79 37
15 7 13
13 49 24
4 98 36
x
x
5 82 41
x
7 87 30
x
9 56 21
15 84 41
4 34 42
x
8 22 10
x
3 42 18
12 98 2
1 10 37
x
5 84 26
x
x
x
6 45 43
x
x
x
11 26 41
x
x
7 36 11
15 32 24
x
10 49 10
14 95 33
x
x
0 52 32
x
4 64 17
0 41 18
x
11 24 19
x
x
x
x
x
3 88 33
x
2 59 38
x
x
x
x
x
x
x
x
x
x
14 0 10
x
x
3 93 16
x
x
1 25 38
x
x
x
7 81 35
12 42 0
x
x
x
3 30 2
x
x
9 66 32
x
x
x
x
x
13 22 22
12 63 40
x
1 36 20
x
x
x
14 3 28
14 7 20
6 1 16
x