13 89 40
7 43 14
1 65 41
x
x
12 20 10
x
2 62 24
10 14 13
x
11 23 30
15 89 34
x
14 72 2
6 0 13
13 98 3
13 77 28
14 51 11
15 41 35
x
10 45 4
x
x
7 0 39
15 57 16
15 55 1
14 79 41
x
13 19 19
x
0 97 9
8 42 36
14 94 16
10 83 15
3 50 39
8 51 10
x
x
x
x
11 79 18
14 3 28
x
12 75 39
x
15 69 9
14 21 17
x
0 83 20
9 52 18
4 10 16
x
0 38 10
x
1 79 41
x
12 29 12
7 24 40
10 94 39
0 0 22
15 0 6
x
x
x
0 65 43
10 58 36
13 23 31
8 29 27
14 87 22
4 69 41
6 76 37
x
7 72 32
3 82 27
15 84 4
x
13 81 27
0 41 43
15 81 26
6 65 21
8 72 3
5 69 25
14 75 21
0 90 22
x
x
14 33 33
1 86 37
x
8 0 29
0 56 20
12 88 17
0 52 33
5 20 17
12 90 37
2 80 34
4 75 37
x
2 90 42
1 28 40
3 92 38
15 98 20
0 5 40
x
x
15 27 43
15 77 42
2 77 37
x
9 0 17
14 42 20
x
x
13 5 42
10 0 25
x
x
9 43 2
1 96 8
1 5 41
14 8 6
x
6 69 13
15 9 26
0 11 10
8 78 23
12 94 16
7 67 2
0 33 34
9 63 42
x
x
1 0 33
4 85 24
8 55 38
1 32 29
13 26 5
14 99 23
x
11 51 6
2 84 10
3 87 2
2 93 7
x
9 29 34
2 27 4
9 70 6
x
x
5 15 18
x
4 80 23
x
2 31 16
0 16 19
1 72 16
x
x
1 58 12
2 68 1
x
1 10 8
x
2 54 25
3 70 30
3 38 25
x
x
15 5 11
x
0 86 28
12 53 25
5 89 15
x
x
x
10 29 8
x
4 45 29
6 17 14
5 25 28
11 0 11
3 31 14
0 48 26
11 14 16
13 49 42
x
15 23 14
3 67 37
x
x
14 96 24
x
4 33 22
x
5 84 18
x
6 22 11
13 15 27
7 63 43
x
14 17 39
10 53 5
5 49 14
1 82 37
x
x
8 67 9
x
x
x
x
2 86 39
x
x
10 34 8
11 74 28
4 64 41
x
5 0 36
6 73 37
6 38 39
6 13 37
x
x
1 40 44
2 71 24
4 90 41
5 34 16
x
7 88 6
x
7 10 42
3 90 15
x
x
15 19 44
x
2 10 14
x
15 92 40
4 73 5
8 92 40
7 14 17
8 14 23
14 48 44
5 61 44
11 33 38
6 87 42
5 74 32
2 5 13
2 47 19
3 98 28
9 66 16
3 63 0
x
10 72 10
9 10 37
x
9 90 37
15 48 35
6 34 16
0 61 14
x
4 83 7
4 94 29
9 75 8
1 55 7
5 87 17
x
x
x
5 95 20
x
10 10 20
4 96 43
x
x
x
11 64 40
2 44 1
3 65 13
1 44 32
6 79 44
x
1 47 15
2 41 12
x
x
x
12 39 36
x
0 24 30
15 94 28
7 75 26
2 0 16
6 92 26
7 29 3
13 68 31
10 37 10
x
x
12 63 17
x
8 34 25
6 62 32
3 10 34
7 35 2
11 43 27
7 60 6
3 5 10
x
6 31 37
6 94 38
x
11 10 2
8 75 30
x
11 83 0
x
4 5 42
8 5 43
8 19 27
x
3 53 19
1 15 41
x
4 59 27
x
12 81 41
1 49 30
9 78 9
5 10 42
10 79 36
x
12 45 9
9 20 23
6 50 44
x
12 73 43
1 23 40
15 96 14
10 40 23
x
7 19 40
x
10 76 17
4 22 7
11 38 7
5 91 22
5 58 19
6 97 44
3 0 38
2 96 19
13 53 9
12 42 18
8 62 4
10 68 14
12 24 25
9 58 31
7 95 13
12 34 15
x
2 98 18
11 71 0
x
2 37 10
13 79 18
x
2 23 27
13 87 28
4 0 8
x
13 65 43
6 8 7
11 68 35
6 59 2
10 65 28
x
2 49 43
13 33 37
7 5 41
13 40 8
7 86 13
0 20 37
x
2 15 18
12 10 6
x
1 19 36
7 57 31
x
12 69 1
x
14 64 30
10 96 8
8 97 35
8 84 15
5 78 27
7 97 34
x
12 0 34
11 94 41
14 84 4
11 57 20
8 88 24
14 67 18
x
11 98 36
14 36 3
15 67 8
13 73 33
12 60 35
x
8 58 37
13 60 0
3 42 0
15 79 18
15 37 0
0 43 9
9 15 19
10 18 37
x
9 55 3
x
12 96 39
x
13 28 18
8 9 29
14 0 39
11 48 39
0 77 22
6 6 27
7 33 36
13 10 39
5 5 19
3 58 3
x
15 72 16
1 35 4
3 46 14
0 92 17
x
14 28 31
1 67 30
8 99 42
14 56 44
x
15 62 29
x
6 82 6
0 70 34
14 13 13
10 62 23
x
x
2 34 8
x
3 15 9
1 91 22
7 48 44
4 54 38
x
9 41 7
1 62 34
4 50 24
x
x
x
9 85 21
0 81 26
x
x
7 78 1
x
x
x
10 87 9
x
x
11 54 21
12 50 8
x
4 24 11
x
15 32 23
5 39 23
x
2 57 25
13 37 27
x
x
2 82 28
3 95 39
0 28 29
15 52 20
x
11 18 23
9 34 7
x
x
7 83 25
x
2 64 43
2 60 19
x
x
3 27 20
0 74 5
4 87 2
x
4 29 40
15 14 37
8 24 33
12 92 24
5 93 1
x
5 53 2
5 45 12
9 5 2
10 5 16
6 42 43
3 36 24
3 73 44
x
x
x
8 80 1
x
x
x
x
5 30 31
x
x
7 39 35
6 90 39
1 76 13
14 25 17
x
7 93 14
4 41 21
x
x
x
x
x
13 91 19
11 76 44
4 37 7
9 95 31
x
4 99 28
9 24 13
12 57 36
x
x
10 24 20
13 0 18
5 99 31
14 61 23
9 82 44
x
x
x
14 39 20
12 79 33
11 5 11
x
x
8 38 11
x
13 45 10
13 56 10
11 28 2
6 46 38
12 15 3
x
13 95 35
x
14 91 33
x
11 86 3
12 5 14
8 47 29
12 66 13
3 19 11
14 45 9
3 78 12
x
x
6 54 0
9 48 34
x
2 74 4
x
x
10 91 5
15 45 38
x
x
13 85 40
4 14 11
7 52 5
x
4 71 9
11 60 44
9 38 27
x
2 19 42
3 23 15
10 49 35
5 66 31
11 91 32
x
5 42 33
x
x
12 83 39
4 18 38
x
15 75 22
x
x
6 27 31